0011000;1302000;50
0011000;1312004;50
0011000;1322005;50
0011000;1332005;500
0011100;2000000;50
0011100;2000001;160
0011100;2000002;320
0011100;2010000;30
0011100;2010002;50
0021000;1040002;50
0021000;1040006;50
0021000;1040010;50
0021000;1041002;50
0021000;1041006;50
0021000;1041010;50
0021000;1041011;50
0021000;1060002;50
0021000;1060006;50
0021000;1061002;50
0021000;1061008;50
0021000;1072001;50
0021000;1072005;50
1001000;1302000;50
1001000;1312004;50
1001000;1322005;50
1001000;1302007;3000
1001000;1312000;3000
1001000;1332007;1000
1001000;2070000;
1001000;2070001;
1001000;2070002;
1001000;2070003;
1001000;2070004;
1001000;2070005;
1001000;2070006;
1001000;2070007;
1001000;2070008;
1001000;2070009;
1001000;2070010;
1001000;2070011;
1001000;2070012;
1001000;2070013;
1001000;2070016;
1001000;2070018;
1001000;2330000;
1001000;2330001;
1001000;2330002;
1001000;2330003;
1001000;2330004;
1001000;2330005;
1001000;2331000;
1001000;2332000;
1001001;1002008;500
1001001;1002014;1000
1001001;1002066;450
1001001;1002067;450
1001001;1002068;450
1001001;1002069;450
1001001;1002132;800
1001001;1002133;800
1001001;1002134;800
1001001;1002019;2000
1001001;1002001;3000
1001001;1040013;3000
1001001;1040014;3000
1001001;1041004;3000
1001001;1041012;3000
1001001;1060007;1000
1001001;1060004;2800
1001001;1062000;4800
1001001;1062001;4800
1001001;1072001;50
1001001;1072037;50
1001001;1072038;50
1001001;1072005;50
1001001;1072008;5000
1001001;1072048;5000
1001001;1072049;5000
1001001;1072017;10000
1001001;1072062;10000
1001001;1072063;10000
1001001;1092003;2000
1001001;3010001;1000
1001001;2070000;
1001001;2070001;
1001001;2070002;
1001001;2070003;
1001001;2070004;
1001001;2070005;
1001001;2070006;
1001001;2070007;
1001001;2070008;
1001001;2070009;
1001001;2070010;
1001001;2070011;
1001001;2070012;
1001001;2070013;
1001001;2070016;
1001001;2070018;
1001001;2330000;
1001001;2330001;
1001001;2330002;
1001001;2330003;
1001001;2330004;
1001001;2330005;
1001001;2331000;
1001001;2332000;
1001100;2000000;50
1001100;2000001;160
1001100;2000002;320
1001100;2000003;200
1001100;2000006;620
1001100;2002000;500
1001100;2002001;400
1001100;2002002;500
1001100;2002004;500
1001100;2002005;500
1001100;2010000;30
1001100;2010002;50
1001100;2010001;106
1001100;2010003;100
1001100;2010004;310
1001100;2020028;3000
1001100;2030000;400
1001100;2030001;500
1001100;2060000;1
1001100;2061000;1
1001100;2070000;
1001100;2070001;
1001100;2070002;
1001100;2070003;
1001100;2070004;
1001100;2070005;
1001100;2070006;
1001100;2070007;
1001100;2070008;
1001100;2070009;
1001100;2070010;
1001100;2070011;
1001100;2070012;
1001100;2070013;
1001100;2070016;
1001100;2070018;
1001100;2330000;
1001100;2330001;
1001100;2330002;
1001100;2330003;
1001100;2330004;
1001100;2330005;
1001100;2331000;
1001100;2332000;
1011000;1452002;3000
1011000;1452003;6000
1011000;1452001;10000
1011000;1452000;20000
1011000;1462001;4000
1011000;1462002;8000
1011000;1462003;12000
1011000;1462000;30000
1011000;1302007;3000
1011000;1322007;6000
1011000;1322008;12000
1011000;1422004;20000
1011000;1442004;24000
1011000;2070000;
1011000;2070001;
1011000;2070002;
1011000;2070003;
1011000;2070004;
1011000;2070005;
1011000;2070006;
1011000;2070007;
1011000;2070008;
1011000;2070009;
1011000;2070010;
1011000;2070011;
1011000;2070016;
1011001;1002008;500
1011001;1002033;3000
1011001;1002012;3000
1011001;1002060;3000
1011001;1002061;3000
1011001;1002062;3000
1011001;1002063;3000
1011001;1002112;4000
1011001;1002113;4000
1011001;1002114;4000
1011001;1002115;4000
1011001;1002116;4000
1011001;1002117;12000
1011001;1002118;12000
1011001;1002119;12000
1011001;1002120;12000
1011001;1002121;12000
1011001;1002010;800
1011001;1002057;800
1011001;1002156;20000
1011001;1002157;20000
1011001;1002158;20000
1011001;1002159;20000
1011001;1002160;20000
1011001;1002161;30000
1011001;1002162;30000
1011001;1002163;30000
1011001;1002164;30000
1011001;1002165;30000
1011001;1032001;7000
1011001;1032003;7000
1011001;1040008;3200
1011001;1040071;3200
1011001;1040007;5500
1011001;1040011;5500
1011001;1040003;9000
1011001;1040022;15000
1011001;1040023;15000
1011001;1040024;15000
1011001;1040025;15000
1011001;1040067;50000
1011001;1040068;50000
1011001;1040069;50000
1011001;1040070;50000
1011001;1041007;3200
1011001;1041061;3200
1011001;1041008;5500
1011001;1041062;5500
1011001;1041063;5500
1011001;1041013;9000
1011001;1041027;9000
1011001;1041028;9000
1011001;1041032;15000
1011001;1041033;15000
1011001;1041034;15000
1011001;1041035;15000
1011001;1041054;50000
1011001;1041055;50000
1011001;1041056;50000
1011001;1060005;14000
1011001;1060056;44000
1011001;1060057;44000
1011001;1060058;44000
1011001;1060059;44000
1011001;1061009;3000
1011001;1061057;3000
1011001;1061006;5000
1011001;1061058;5000
1011001;1061059;5000
1011001;1061024;9000
1011001;1061025;9000
1011001;1061026;9000
1011001;1061050;44000
1011001;1061051;44000
1011001;1061052;44000
1011001;1062004;3000
1011001;1062002;9000
1011001;1062006;13000
1011001;1072015;1800
1011001;1072059;1800
1011001;1072016;4500
1011001;1072060;4500
1011001;1072061;4500
1011001;1072025;9000
1011001;1072026;9000
1011001;1072067;9000
1011001;1072068;9000
1011001;1072012;15000
1011001;1072054;15000
1011001;1072055;15000
1011001;1072056;15000
1011001;1072018;30000
1011001;1072064;30000
1011001;2070000;
1011001;2070001;
1011001;2070002;
1011001;2070003;
1011001;2070004;
1011001;2070005;
1011001;2070006;
1011001;2070007;
1011001;2070008;
1011001;2070009;
1011001;2070010;
1011001;2070011;
1011001;2070016;
1011100;2000000;50
1011100;2000001;160
1011100;2000002;320
1011100;2000003;200
1011100;2000006;620
1011100;2002000;500
1011100;2002001;400
1011100;2002002;500
1011100;2002004;500
1011100;2002005;500
1011100;2010000;30
1011100;2010002;50
1011100;2010001;106
1011100;2010003;100
1011100;2010004;310
1011100;2020028;3000
1011100;2030000;400
1011100;2030004;500
1011100;2060000;1
1011100;2061000;1
1011100;2050000;200
1011100;2050001;200
1011100;2050002;300
1011100;2120008;200
1011100;2070000;500
1011100;;
1011100;2070001;
1011100;2070002;
1011100;2070003;
1011100;2070004;
1011100;2070005;
1011100;2070006;
1011100;2070007;
1011100;2070008;
1011100;2070009;
1011100;2070010;
1011100;2070011;
1011100;2070016;
1012004;2120000;30
1012004;2260000;1000
1012004;4160000;1000
1012004;4160001;1000
1012004;4160002;1000
1021000;1302007;3000
1021000;1302005;6000
1021000;1302002;10000
1021000;1302006;10000
1021000;1302003;20000
1021000;1302008;40000
1021000;1332006;7000
1021000;1332008;10000
1021000;1332010;22000
1021000;1312001;6000
1021000;1312003;20000
1021000;1312005;40000
1021000;1322000;6000
1021000;1322002;10000
1021000;1322004;22000
1021000;1322014;40000
1021000;1402001;3000
1021000;1402000;12000
1021000;1402008;22000
1021000;1412001;3000
1021000;1412002;10000
1021000;1412000;22000
1021000;1412006;45000
1021000;1422000;3000
1021000;1422002;6000
1021000;1422003;10000
1021000;1422006;10000
1021000;1422004;20000
1021000;1432000;3000
1021000;1432001;7000
1021000;1442000;3000
1021000;1442006;8000
1021000;1442007;12000
1021000;1442004;24000
1021000;2070000;
1021000;2070001;
1021000;2070002;
1021000;2070003;
1021000;2070004;
1021000;2070005;
1021000;2070006;
1021000;2070007;
1021000;2070008;
1021000;2070009;
1021000;2070010;
1021000;2070011;
1021000;2070016;
1021001;1002043;2400
1021001;1002039;2700
1021001;1002051;3500
1021001;1002055;8700
1021001;1002059;8500
1021001;1002027;11500
1021001;1002005;19000
1021001;1040015;3200
1021001;1040038;3200
1021001;1040009;5500
1021001;1040037;5500
1021001;1040012;9000
1021001;1040039;9000
1021001;1040040;16000
1021001;1040016;16000
1021001;1040041;16000
1021001;1040021;40000
1021001;1040026;40000
1021001;1041014;3200
1021001;1041064;3200
1021001;1041019;9000
1021001;1041020;9000
1021001;1041021;9000
1021001;1041022;16000
1021001;1041023;16000
1021001;1041024;16000
1021001;1050005;15000
1021001;1050006;15000
1021001;1050007;15000
1021001;1050011;70000
1021001;1051000;8000
1021001;1051010;60000
1021001;1051011;60000
1021001;1051012;60000
1021001;1051013;60000
1021001;1060008;3000
1021001;1060028;3000
1021001;1060009;5000
1021001;1060027;5000
1021001;1060010;9000
1021001;1060029;9000
1021001;1060011;14000
1021001;1060030;14000
1021001;1060060;14000
1021001;1060016;38000
1021001;1060017;38000
1021001;1060018;38000
1021001;1060019;38000
1021001;1061014;3000
1021001;1061023;3000
1021001;1061016;9000
1021001;1061017;9000
1021001;1061018;9000
1021001;1061015;14000
1021001;1061019;14000
1021001;1061020;14000
1021001;1072009;5000
1021001;1072050;5000
1021001;1072007;10000
1021001;1072046;10000
1021001;1072047;10000
1021001;1072011;15000
1021001;1092005;4000
1021001;1092000;6000
1021001;2070000;
1021001;2070001;
1021001;2070002;
1021001;2070003;
1021001;2070004;
1021001;2070005;
1021001;2070006;
1021001;2070007;
1021001;2070008;
1021001;2070009;
1021001;2070010;
1021001;2070011;
1021001;2070016;
1021100;2000000;50
1021100;2000001;160
1021100;2000002;320
1021100;2000003;200
1021100;2000006;620
1021100;2002000;500
1021100;2002001;400
1021100;2002002;500
1021100;2002004;500
1021100;2002005;500
1021100;2010000;30
1021100;2010002;50
1021100;2010001;106
1021100;2010003;100
1021100;2010004;310
1021100;2030000;400
1021100;2030003;500
1021100;2060000;1
1021100;2061000;1
1021100;2050000;200
1021100;2050001;200
1021100;2050002;300
1021100;2120008;200
1021100;2070000;500
1021100;;
1021100;2070001;
1021100;2070002;
1021100;2070003;
1021100;2070004;
1021100;2070005;
1021100;2070006;
1021100;2070007;
1021100;2070008;
1021100;2070009;
1021100;2070010;
1021100;2070011;
1021100;2070016;
1031000;1372005;2000
1031000;1372006;5000
1031000;1372002;9000
1031000;1372004;18000
1031000;1372003;38000
1031000;1382000;3000
1031000;1382003;6000
1031000;1382005;6000
1031000;1382004;10000
1031000;1382002;20000
1031000;1322002;10000
1031000;2070000;
1031000;2070001;
1031000;2070002;
1031000;2070003;
1031000;2070004;
1031000;2070005;
1031000;2070006;
1031000;2070007;
1031000;2070008;
1031000;2070009;
1031000;2070010;
1031000;2070011;
1031000;2070016;
1031001;1002017;1200
1031001;1002102;3800
1031001;1002103;3800
1031001;1002104;3800
1031001;1002105;3800
1031001;1002106;3800
1031001;1002016;8000
1031001;1040004;2000
1031001;1040017;2000
1031001;1040018;8500
1031001;1040019;8500
1031001;1040020;8500
1031001;1041015;2000
1031001;1041016;2000
1031001;1041017;4000
1031001;1041018;4000
1031001;1041025;4000
1031001;1041026;4000
1031001;1041029;8500
1031001;1041030;8500
1031001;1041031;8500
1031001;1041041;42000
1031001;1041042;42000
1031001;1041043;42000
1031001;1050008;7000
1031001;1050009;7000
1031001;1050010;7000
1031001;1050001;16000
1031001;1050023;16000
1031001;1050024;16000
1031001;1050025;16000
1031001;1050003;40000
1031001;1050026;40000
1031001;1050027;40000
1031001;1050028;40000
1031001;1051004;16000
1031001;1051005;16000
1031001;1051003;16000
1031001;1060012;2000
1031001;1060013;2000
1031001;1060014;8000
1031001;1060015;8000
1031001;1061010;2000
1031001;1061011;2000
1031001;1061012;4000
1031001;1061013;4000
1031001;1061021;4000
1031001;1061022;4000
1031001;1061027;8000
1031001;1061028;8000
1031001;1061034;40000
1031001;1061035;40000
1031001;1061036;40000
1031001;1072006;1500
1031001;1072044;1500
1031001;1072045;1500
1031001;1072023;4000
1031001;1072024;4000
1031001;2070000;
1031001;2070001;
1031001;2070002;
1031001;2070003;
1031001;2070004;
1031001;2070005;
1031001;2070006;
1031001;2070007;
1031001;2070008;
1031001;2070009;
1031001;2070010;
1031001;2070011;
1031001;2070016;
1031100;2000000;50
1031100;2000001;160
1031100;2000002;320
1031100;2000003;192
1031100;2000006;604
1031100;2002000;500
1031100;2002001;400
1031100;2002002;500
1031100;2002004;500
1031100;2002005;500
1031100;2010000;30
1031100;2010002;50
1031100;2010001;106
1031100;2010003;97
1031100;2010004;305
1031100;2030000;400
1031100;2030002;500
1031100;2060000;1
1031100;2061000;1
1031100;2050000;200
1031100;2050001;200
1031100;2050002;300
1031100;2050003;500
1031100;2120008;200
1031100;2070000;500
1031100;;
1031100;2070001;
1031100;2070002;
1031100;2070003;
1031100;2070004;
1031100;2070005;
1031100;2070006;
1031100;2070007;
1031100;2070008;
1031100;2070009;
1031100;2070010;
1031100;2070011;
1031100;2070016;
1032103;2040000;35000
1032103;2040400;35000
1032103;2040600;35000
1032103;2040700;35000
1032103;2040300;35000
1032103;2044500;70000
1032103;2044600;70000
1032103;2043700;70000
1032103;2043800;70000
1051000;1302007;3000
1051000;1332000;4000
1051000;1332006;7000
1051000;1332002;8000
1051000;1332008;10000
1051000;1332013;15000
1051000;1332010;22000
1051000;1332004;38000
1051000;1332012;40000
1051000;1332009;42000
1051000;1322009;20000
1051000;1402001;3000
1051000;1412001;3000
1051000;1422000;3000
1051000;1432000;3000
1051000;1432001;7000
1051000;1442000;3000
1051000;1472000;3000
1051000;2070000;
1051000;2070001;
1051000;2070002;
1051000;2070003;
1051000;2070004;
1051000;2070005;
1051000;2070006;
1051000;2070007;
1051000;2070008;
1051000;2070009;
1051000;2070010;
1051000;2070011;
1051000;2070016;
1051001;1002122;900
1051001;1002123;900
1051001;1002124;900
1051001;1002125;900
1051001;1002126;900
1051001;1002001;3000
1051001;1002107;4000
1051001;1002108;4000
1051001;1002109;4000
1051001;1002110;4000
1051001;1002111;4000
1051001;1002127;12000
1051001;1002128;12000
1051001;1002129;12000
1051001;1002130;12000
1051001;1002131;12000
1051001;1002020;7400
1051001;1002096;7400
1051001;1002097;7400
1051001;1002146;20000
1051001;1002147;20000
1051001;1002148;20000
1051001;1002149;20000
1051001;1002150;20000
1051001;1002171;30000
1051001;1002172;30000
1051001;1002173;30000
1051001;1002174;30000
1051001;1002175;30000
1051001;1040031;3000
1051001;1040032;3000
1051001;1040033;3000
1051001;1040034;5000
1051001;1040035;5000
1051001;1040042;9000
1051001;1040043;9000
1051001;1040044;9000
1051001;1040048;16000
1051001;1040049;16000
1051001;1040050;16000
1051001;1040057;45000
1051001;1040058;45000
1051001;1040059;45000
1051001;1040060;45000
1051001;1041036;3000
1051001;1041037;3000
1051001;1041038;3000
1051001;1041044;5000
1051001;1041045;5000
1051001;1041003;9000
1051001;1041039;9000
1051001;1041040;9000
1051001;1041057;18000
1051001;1041058;18000
1051001;1041059;18000
1051001;1041060;18000
1051001;1041047;45000
1051001;1041048;45000
1051001;1041049;45000
1051001;1041050;45000
1051001;1060021;2800
1051001;1060022;2800
1051001;1060023;2800
1051001;1060024;4800
1051001;1060025;4800
1051001;1060031;8000
1051001;1060032;8000
1051001;1060033;8000
1051001;1060037;19000
1051001;1060038;19000
1051001;1060039;19000
1051001;1060043;40000
1051001;1060044;40000
1051001;1060045;40000
1051001;1060046;40000
1051001;1061029;2800
1051001;1061030;2800
1051001;1061031;2800
1051001;1061037;4800
1051001;1061038;4800
1051001;1061003;8000
1051001;1061032;8000
1051001;1061033;8000
1051001;1061040;12000
1051001;1061041;12000
1051001;1061042;12000
1051001;1061053;18000
1051001;1061054;18000
1051001;1061055;18000
1051001;1061056;18000
1051001;1061043;40000
1051001;1061044;40000
1051001;1061045;40000
1051001;1061046;40000
1051001;1072070;1800
1051001;1072071;1800
1051001;1072004;2000
1051001;1072042;2000
1051001;1072043;2000
1051001;1072028;4500
1051001;1072029;4500
1051001;1072030;4500
1051001;1072031;4500
1051001;1072022;9000
1051001;1072065;9000
1051001;1072066;9000
1051001;2070000;
1051001;2070001;
1051001;2070002;
1051001;2070003;
1051001;2070004;
1051001;2070005;
1051001;2070006;
1051001;2070007;
1051001;2070008;
1051001;2070009;
1051001;2070010;
1051001;2070011;
1051001;2070016;
1051002;2000000;50
1051002;2000001;160
1051002;2000002;320
1051002;2000003;200
1051002;2000006;620
1051002;2002000;500
1051002;2002001;400
1051002;2002002;500
1051002;2002004;500
1051002;2002005;500
1051002;2010000;30
1051002;2010002;50
1051002;2010001;106
1051002;2010003;100
1051002;2010004;310
1051002;2030000;400
1051002;2030005;500
1051002;2060000;1
1051002;2061000;1
1051002;2050000;200
1051002;2050001;200
1051002;2050002;300
1051002;2120008;200
1051002;2070000;500
1051002;;
1051002;2070001;
1051002;2070002;
1051002;2070003;
1051002;2070004;
1051002;2070005;
1051002;2070006;
1051002;2070007;
1051002;2070008;
1051002;2070009;
1051002;2070010;
1051002;2070011;
1051002;2070016;
1052014;2020007;620
1052014;2020008;1260
1052014;2020009;920
1052014;2020010;1860
1052104;2040000;35000
1052104;2040003;35000
1052104;2040500;35000
1052104;2040600;35000
1052104;2040700;35000
1052104;2040703;35000
1052104;2043000;70000
1052104;2043100;70000
1052104;2043200;70000
1052104;2044000;70000
1052104;2044100;70000
1052104;2044200;70000
1052104;2044300;70000
1052104;2044400;70000
1052104;2043300;70000
1052104;2044700;70000
1061001;2020001;220
1061001;2020005;320
1061001;2020003;450
1061001;2020004;450
1061001;2020006;530
1061001;2022003;1100
1061001;2020000;420
1061001;2022000;1650
1061001;2020002;320
1061001;2030000;400
1061001;2060000;2
1061001;2061000;2
1061001;2070000;500
1061001;;
1061001;2070001;
1061001;2070002;
1061001;2070003;
1061001;2070004;
1061001;2070005;
1061001;2070006;
1061001;2070007;
1061001;2070008;
1061001;2070009;
1061001;2070010;
1061001;2070011;
1061001;2070016;
1061002;2000000;50
1061002;2000001;160
1061002;2000002;320
1061002;2000003;200
1061002;2000006;620
1061002;2010000;30
1061002;2010002;50
1061002;2010001;106
1061002;2010003;100
1061002;2010004;310
1061002;2022000;1650
1061002;2022003;1100
1061002;2030000;400
1061002;2030006;600
1061002;2060000;1
1061002;2061000;1
1061002;2070000;500
1061002;;
1061002;2070001;
1061002;2070002;
1061002;2070003;
1061002;2070004;
1061002;2070005;
1061002;2070006;
1061002;2070007;
1061002;2070008;
1061002;2070009;
1061002;2070010;
1061002;2070011;
1061002;2070016;
1081000;2000000;50
1081000;2000001;160
1081000;2000002;320
1081000;2000003;200
1081000;2010000;30
1081000;2010002;50
1081000;2010001;106
1081000;2010003;100
1081000;2010004;310
1081000;2020001;220
1081000;2020005;320
1081000;2020003;450
1081000;2020004;450
1081000;2020006;530
1081000;2022003;1100
1081000;2020000;420
1081000;2022000;1650
1081000;2020002;320
1081000;2001000;3200
1081000;2001001;2300
1081000;2001002;4000
1081000;2070000;500
1081000;;
1081000;2070001;
1081000;2070002;
1081000;2070003;
1081000;2070004;
1081000;2070005;
1081000;2070006;
1081000;2070007;
1081000;2070008;
1081000;2070009;
1081000;2070010;
1081000;2070011;
1081000;2070016;
1091001;1002610;900
1091001;1002613;4000
1091001;1002616;12000
1091001;1002619;20000
1091001;1052095;4000
1091001;1052098;8000
1091001;1052101;16000
1091001;1052104;30000
1091001;1052107;60000
1091001;1072285;5000
1091001;1072288;8000
1091001;2070000;
1091001;2070001;
1091001;2070002;
1091001;2070003;
1091001;2070004;
1091001;2070005;
1091001;2070006;
1091001;2070007;
1091001;2070008;
1091001;2070009;
1091001;2070010;
1091001;2070011;
1091001;2070016;
1091002;2000000;50
1091002;2000001;160
1091002;2000002;320
1091002;2000003;200
1091002;2000006;620
1091002;2002000;500
1091002;2002001;400
1091002;2002002;500
1091002;2002004;500
1091002;2002005;500
1091002;2010000;30
1091002;2010002;50
1091002;2010001;106
1091002;2010003;100
1091002;2010004;310
1091002;2020028;3000
1091002;2030000;400
1091002;2030019;500
1091002;2060000;1
1091002;2061000;1
1091002;2070000;500
1091002;;
1091002;2070001;
1091002;2070002;
1091002;2070003;
1091002;2070004;
1091002;2070005;
1091002;2070006;
1091002;2070007;
1091002;2070008;
1091002;2070009;
1091002;2070010;
1091002;2070011;
1091002;2070016;
1093000;2022258;105
1093000;2070000;
1093000;2070001;
1093000;2070002;
1093000;2070003;
1093000;2070004;
1093000;2070005;
1093000;2070006;
1093000;2070007;
1093000;2070008;
1093000;2070009;
1093000;2070010;
1093000;2070011;
1093000;2070016;
2002001;3990000;100
2002001;3990001;100
2002001;3990002;100
2002001;3990003;100
2002001;3990004;100
2002001;3990005;100
2002001;3990006;100
2002001;3990007;100
2002001;3990008;100
2002001;3990009;100
2002001;3990010;100
2002001;3990011;100
2002001;3990012;100
2002001;3990013;100
2002001;3990014;100
2002001;3990015;100
2002001;3990016;100
2002001;3990017;100
2002001;3990018;100
2002001;3990019;100
2002001;3990020;100
2002001;3990021;100
2002001;3990022;100
2002001;3990023;100
2002001;3991000;100
2002001;3991001;100
2002001;3991002;100
2002001;3991003;100
2002001;3991004;100
2002001;3991005;100
2002001;3991006;100
2002001;3991007;100
2002001;3991008;100
2002001;3991009;100
2002001;3991010;100
2002001;3991011;100
2002001;3991012;100
2002001;3991013;100
2002001;3991014;100
2002001;3991015;100
2002001;3991016;100
2002001;3991017;100
2002001;3991018;100
2002001;3991019;100
2002001;3991020;100
2002001;3991021;100
2002001;3991022;100
2002001;3991023;100
2002001;3991024;100
2002001;3991025;100
2002001;3991026;100
2002001;3991027;100
2002001;3991028;100
2002001;3991029;100
2002001;3991030;100
2002001;3991031;100
2002001;3991032;100
2002001;3991033;100
2002001;3991034;100
2002001;3991035;100
2002001;3991036;100
2002001;3991037;100
2002001;3991038;100
2002001;3991039;100
2002001;3991040;100
2002001;3991041;100
2002001;3991042;100
2002001;3991043;100
2002001;3991044;100
2002001;3991045;100
2002001;3991046;100
2002001;3991047;100
2002001;3991048;100
2002001;3991049;100
2002001;3991050;100
2002001;3991051;100
2002001;3992000;150
2002001;3992001;150
2002001;3992002;150
2002001;3992003;150
2002001;3992004;150
2002001;3992005;150
2002001;3992006;150
2002001;3992007;150
2002001;3992008;150
2002001;3992009;150
2002001;3992010;150
2002001;3992011;150
2002001;3992012;150
2002001;3992013;150
2002001;3992014;150
2002001;3992015;150
2002001;3992016;150
2002001;3992017;150
2002001;3992018;150
2002001;3992019;150
2002001;3992020;150
2002001;3992021;150
2002001;3992022;150
2002001;3992023;150
2002001;3992027;150
2002001;3992028;150
2002001;3992029;150
2002001;3992030;150
2002001;3992031;150
2002001;3992032;150
2002001;3992033;150
2002001;3992034;150
2002001;3992035;150
2002001;3992036;150
2002001;3992037;150
2002001;3992038;150
2010004;2120000;30
2010004;2260000;1000
2010004;4160026;1000
2010004;4160000;1000
2010004;4160001;1000
2010004;4160002;1000
2010004;4160003;1000
2010004;4160004;1000
2010004;4160005;1000
2010004;4160006;1000
2010004;4160007;1000
2010004;4160008;1000
2010004;4160009;1000
2010004;4160010;1000
2010004;4160020;1000
2010004;4160014;1000
2010004;4160017;1000
2010004;4160013;1000
2010004;4160012;1000
2010004;4160015;1000
2010004;4160022;1000
2010004;4160023;1000
2010004;4160024;1000
2012003;1302008;40000
2012003;1312005;40000
2012003;1322014;40000
2012003;1332009;42000
2012003;1332012;40000
2012003;1372003;38000
2012003;1382002;20000
2012003;1402002;150000
2012003;1412006;45000
2012003;1422001;45000
2012003;1432002;60000
2012003;1442001;60000
2012003;1452005;150000
2012003;1462000;30000
2012003;1472001;20000
2012003;2070000;
2012003;2070001;
2012003;2070002;
2012003;2070003;
2012003;2070004;
2012003;2070005;
2012003;2070006;
2012003;2070007;
2012003;2070008;
2012003;2070009;
2012003;2070010;
2012003;2070011;
2012003;2070016;
2012004;1002023;120000
2012004;1040021;40000
2012004;1040026;40000
2012004;1051010;60000
2012004;1051011;60000
2012004;1051012;60000
2012004;1051013;60000
2012004;1060016;38000
2012004;1060017;38000
2012004;1060018;38000
2012004;1060019;38000
2012004;1092006;60000
2012004;1002064;40000
2012004;1041041;42000
2012004;1041042;42000
2012004;1041043;42000
2012004;1050003;40000
2012004;1050026;40000
2012004;1050027;40000
2012004;1050028;40000
2012004;1061034;40000
2012004;1061035;40000
2012004;1061036;40000
2012004;1002161;30000
2012004;1002162;30000
2012004;1002163;30000
2012004;1002164;30000
2012004;1002165;30000
2012004;1040069;50000
2012004;1040070;50000
2012004;1040067;50000
2012004;1040068;50000
2012004;1041056;50000
2012004;1041054;50000
2012004;1041055;50000
2012004;1060059;44000
2012004;1060058;44000
2012004;1060056;44000
2012004;1060057;44000
2012004;1061052;44000
2012004;1061050;44000
2012004;1061051;44000
2012004;1002171;30000
2012004;1002172;30000
2012004;1002173;30000
2012004;1002174;30000
2012004;1002175;30000
2012004;1040057;45000
2012004;1040058;45000
2012004;1040059;45000
2012004;1040060;45000
2012004;1041047;45000
2012004;1041048;45000
2012004;1041049;45000
2012004;1041050;45000
2012004;1060043;40000
2012004;1060044;40000
2012004;1060045;40000
2012004;1060046;40000
2012004;1061043;40000
2012004;1061044;40000
2012004;1061045;40000
2012004;1061046;40000
2012004;2070000;
2012004;2070001;
2012004;2070002;
2012004;2070003;
2012004;2070004;
2012004;2070005;
2012004;2070006;
2012004;2070007;
2012004;2070008;
2012004;2070009;
2012004;2070010;
2012004;2070011;
2012004;2070016;
2012005;2000000;50
2012005;2000001;160
2012005;2000002;320
2012005;2000003;200
2012005;2000006;620
2012005;2002000;500
2012005;2002001;400
2012005;2002002;500
2012005;2002004;500
2012005;2002005;500
2012005;2022003;1100
2012005;2022000;1650
2012005;2001000;3200
2012005;2001001;2300
2012005;2001002;4000
2012005;2010000;30
2012005;2010002;50
2012005;2010001;106
2012005;2010003;100
2012005;2010004;310
2012005;2020028;3000
2012005;2050000;200
2012005;2050001;200
2012005;2050002;300
2012005;2050003;500
2012005;2030000;400
2012005;2060000;1
2012005;2061000;1
2012005;2120008;200
2012005;2070000;500
2012005;;
2012005;2070001;
2012005;2070002;
2012005;2070003;
2012005;2070004;
2012005;2070005;
2012005;2070006;
2012005;2070007;
2012005;2070008;
2012005;2070009;
2012005;2070010;
2012005;2070011;
2012005;2070016;
2020001;1302004;100000
2020001;1302009;225000
2020001;1312006;100000
2020001;1312007;175000
2020001;1322015;100000
2020001;1322016;175000
2020001;1332001;200000
2020001;1332014;375000
2020001;1332011;425000
2020001;1372001;175000
2020001;1372000;400000
2020001;1402006;350000
2020001;1402007;450000
2020001;1412004;200000
2020001;1412005;250000
2020001;1422008;200000
2020001;1422007;250000
2020001;1432003;175000
2020001;1432005;225000
2020001;1442003;175000
2020001;1442009;300000
2020001;1452006;250000
2020001;1452007;375000
2020001;1462004;200000
2020001;1462005;250000
2020001;1472004;30000
2020001;1472007;60000
2020001;2070000;
2020001;2070001;
2020001;2070002;
2020001;2070003;
2020001;2070004;
2020001;2070005;
2020001;2070006;
2020001;2070007;
2020001;2070008;
2020001;2070009;
2020001;2070010;
2020001;2070011;
2020001;2070016;
2022000;1072168;30000
2022000;1072169;28000
2022000;1072170;29000
2022000;1072171;29000
2022000;1002004;160000
2022000;1040000;200000
2022000;1040085;200000
2022000;1041084;200000
2022000;1041085;200000
2022000;1050000;112500
2022000;1050021;112500
2022000;1051001;112500
2022000;1051014;112500
2022000;1060075;180000
2022000;1060074;180000
2022000;1061083;180000
2022000;1061084;180000
2022000;1092001;100000
2022000;1092002;200000
2022000;1002141;96000
2022000;1002142;96000
2022000;1002143;96000
2022000;1002144;96000
2022000;1041052;120000
2022000;1041051;120000
2022000;1050031;300000
2022000;1050002;300000
2022000;1050035;450000
2022000;1050038;450000
2022000;1050036;450000
2022000;1050037;450000
2022000;1051023;450000
2022000;1051025;450000
2022000;1051024;450000
2022000;1051027;450000
2022000;1061048;120000
2022000;1061047;120000
2022000;1002138;100000
2022000;1002139;100000
2022000;1002135;100000
2022000;1002137;100000
2022000;1040072;114000
2022000;1040073;114000
2022000;1040074;114000
2022000;1040076;114000
2022000;1040081;180000
2022000;1040079;180000
2022000;1041066;114000
2022000;1041069;114000
2022000;1041065;114000
2022000;1041067;114000
2022000;1041082;180000
2022000;1041081;180000
2022000;1060062;108000
2022000;1060065;108000
2022000;1060061;108000
2022000;1060063;108000
2022000;1060070;160000
2022000;1060069;160000
2022000;1061061;108000
2022000;1061064;108000
2022000;1061060;108000
2022000;1061062;108000
2022000;1061081;160000
2022000;1061080;160000
2022000;1002176;100000
2022000;1002177;100000
2022000;1002178;100000
2022000;1002179;100000
2022000;1002180;100000
2022000;1040063;114000
2022000;1040062;114000
2022000;1040061;114000
2022000;1040082;180000
2022000;1040083;180000
2022000;1041075;180000
2022000;1041074;180000
2022000;1051007;111000
2022000;1051008;111000
2022000;1051009;111000
2022000;1060051;108000
2022000;1060050;108000
2022000;1060052;108000
2022000;1060071;160000
2022000;1060072;160000
2022000;1061070;160000
2022000;1061069;160000
2022000;2070000;
2022000;2070001;
2022000;2070002;
2022000;2070003;
2022000;2070004;
2022000;2070005;
2022000;2070006;
2022000;2070007;
2022000;2070008;
2022000;2070009;
2022000;2070010;
2022000;2070011;
2022000;2070016;
2022001;2022001;400
2022001;2022186;2400
2022001;2000000;50
2022001;2000001;160
2022001;2000002;320
2022001;2000003;200
2022001;2000006;620
2022001;2002000;500
2022001;2002001;400
2022001;2002002;500
2022001;2002004;500
2022001;2002005;500
2022001;2010000;30
2022001;2010002;50
2022001;2010001;106
2022001;2010003;100
2022001;2010004;310
2022001;2022003;1100
2022001;2022000;1650
2022001;2001000;3200
2022001;2001001;2300
2022001;2001002;4000
2022001;2020012;4500
2022001;2020013;5600
2022001;2020014;8100
2022001;2020015;10200
2022001;2050000;200
2022001;2050001;200
2022001;2050002;300
2022001;2030000;400
2022001;2060000;1
2022001;2061000;1
2022001;2120008;200
2022001;2070000;500
2022001;;
2022001;2070001;
2022001;2070002;
2022001;2070003;
2022001;2070004;
2022001;2070005;
2022001;2070006;
2022001;2070007;
2022001;2070008;
2022001;2070009;
2022001;2070010;
2022001;2070011;
2022001;2070016;
2022002;2040003;35000
2022002;2040300;35000
2022002;2040400;35000
2022002;2040503;35000
2022002;2040600;35000
2022002;2040700;35000
2022002;2040800;35000
2022002;2040900;35000
2022002;2041000;35000
2022002;2041003;35000
2022002;2043000;70000
2022002;2043100;70000
2022002;2043200;70000
2022002;2043300;70000
2022002;2043700;70000
2022002;2043800;70000
2022002;2044000;70000
2022002;2044100;70000
2022002;2044200;70000
2022002;2044300;70000
2022002;2044400;70000
2022002;2044500;70000
2022002;2044600;70000
2022002;2044700;70000
2030009;2000001;166
2030009;2000002;332
2030009;2000003;208
2030009;2000006;644
2030009;2002000;520
2030009;2002001;416
2030009;2002002;520
2030009;2002004;520
2030009;2002005;520
2030009;2001000;3328
2030009;2001001;2392
2030009;2001002;4160
2030009;2020005;332
2030009;2010004;322
2030009;2020001;228
2030009;2020003;468
2030009;2020004;468
2030009;2020006;551
2030009;2022003;1144
2030009;2022000;1716
2030009;2020012;4680
2030009;2020013;5824
2030009;2020014;8424
2030009;2020015;10608
2030009;2030000;400
2030009;2060000;1
2030009;2061000;1
2030009;2070000;500
2030009;;
2030009;2070001;
2030009;2070002;
2030009;2070003;
2030009;2070004;
2030009;2070005;
2030009;2070006;
2030009;2070007;
2030009;2070008;
2030009;2070009;
2030009;2070010;
2030009;2070011;
2030009;2070016;
2041002;1302008;40000
2041002;1302004;100000
2041002;1302009;225000
2041002;1312005;40000
2041002;1312006;100000
2041002;1312007;175000
2041002;1322014;40000
2041002;1322015;100000
2041002;1322016;175000
2041002;1332009;42000
2041002;1332012;40000
2041002;1332001;200000
2041002;1332014;375000
2041002;1332011;425000
2041002;1372003;38000
2041002;1372001;175000
2041002;1372000;400000
2041002;1382002;20000
2041002;1402002;150000
2041002;1402006;350000
2041002;1402007;450000
2041002;1412006;45000
2041002;1412004;200000
2041002;1412005;250000
2041002;1422001;45000
2041002;1422008;200000
2041002;1422007;250000
2041002;1432002;60000
2041002;1432003;175000
2041002;1432005;225000
2041002;1442001;60000
2041002;1442003;175000
2041002;1442009;300000
2041002;1452005;150000
2041002;1452006;250000
2041002;1452007;375000
2041002;1462000;30000
2041002;1462004;200000
2041002;1462005;250000
2041002;1472001;20000
2041002;1472004;30000
2041002;1472007;60000
2041002;2070000;
2041002;2070001;
2041002;2070002;
2041002;2070003;
2041002;2070004;
2041002;2070005;
2041002;2070006;
2041002;2070007;
2041002;2070008;
2041002;2070009;
2041002;2070010;
2041002;2070011;
2041002;2070016;
2041003;1002004;160000
2041003;1040000;200000
2041003;1040085;200000
2041003;1041084;200000
2041003;1041085;200000
2041003;1050000;112500
2041003;1050021;112500
2041003;1051001;112500
2041003;1051014;112500
2041003;1060075;180000
2041003;1060074;180000
2041003;1061083;180000
2041003;1061084;180000
2041003;1092001;100000
2041003;1092002;200000
2041003;1002141;96000
2041003;1002142;96000
2041003;1002143;96000
2041003;1002144;96000
2041003;1041052;120000
2041003;1041051;120000
2041003;1050031;300000
2041003;1050002;300000
2041003;1050035;450000
2041003;1050038;450000
2041003;1050036;450000
2041003;1050037;450000
2041003;1051023;450000
2041003;1051025;450000
2041003;1051024;450000
2041003;1051027;450000
2041003;1061048;120000
2041003;1061047;120000
2041003;1002138;100000
2041003;1002139;100000
2041003;1002135;100000
2041003;1002137;100000
2041003;1040072;114000
2041003;1040073;114000
2041003;1040074;114000
2041003;1040076;114000
2041003;1040081;180000
2041003;1040079;180000
2041003;1041066;114000
2041003;1041069;114000
2041003;1041065;114000
2041003;1041067;114000
2041003;1041082;180000
2041003;1041081;180000
2041003;1060062;108000
2041003;1060065;108000
2041003;1060061;108000
2041003;1060063;108000
2041003;1060070;160000
2041003;1060069;160000
2041003;1061061;108000
2041003;1061064;108000
2041003;1061060;108000
2041003;1061062;108000
2041003;1061081;160000
2041003;1061080;160000
2041003;1002176;100000
2041003;1002177;100000
2041003;1002178;100000
2041003;1002179;100000
2041003;1002180;100000
2041003;1040063;114000
2041003;1040062;114000
2041003;1040061;114000
2041003;1040082;180000
2041003;1040083;180000
2041003;1041075;180000
2041003;1041074;180000
2041003;1051007;111000
2041003;1051008;111000
2041003;1051009;111000
2041003;1060051;108000
2041003;1060050;108000
2041003;1060052;108000
2041003;1060071;160000
2041003;1060072;160000
2041003;1061070;160000
2041003;1061069;160000
2041003;2070000;
2041003;2070001;
2041003;2070002;
2041003;2070003;
2041003;2070004;
2041003;2070005;
2041003;2070006;
2041003;2070007;
2041003;2070008;
2041003;2070009;
2041003;2070010;
2041003;2070011;
2041003;2070016;
2041006;2000007;50
2041006;2000000;47
2041006;2000008;160
2041006;2000001;152
2041006;2000009;320
2041006;2000002;304
2041006;2000010;200
2041006;2000003;190
2041006;2000011;620
2041006;2000006;589
2041006;2001001;2185
2041006;2001002;3800
2041006;2002006;500
2041006;2002007;500
2041006;2002008;500
2041006;2002009;500
2041006;2002010;500
2041006;2010001;106
2041006;2010002;47
2041006;2020001;209
2041006;2020002;304
2041006;2020003;427
2041006;2020004;427
2041006;2020005;304
2041006;2020006;503
2041006;2020028;2850
2041006;2030000;400
2041006;2060000;1
2041006;2061000;1
2041006;2060001;10
2041006;2061001;10
2041006;2120008;200
2041006;2070000;500
2041006;;
2041006;2070001;
2041006;2070002;
2041006;2070003;
2041006;2070004;
2041006;2070005;
2041006;2070006;
2041006;2070007;
2041006;2070008;
2041006;2070009;
2041006;2070010;
2041006;2070011;
2041006;2070016;
2041014;2120000;30
2041014;2260000;1000
2041014;4160000;1000
2041014;4160001;1000
2041014;4160002;1000
2041016;2040300;34000
2041016;2040000;34000
2041016;2040400;34000
2041016;2040503;34000
2041016;2040600;34000
2041016;2040700;34000
2041016;2040703;34000
2041016;2040706;34000
2041016;2040800;34000
2041016;2040900;34000
2041016;2041000;34000
2041016;2041003;34000
2041016;2043000;69000
2041016;2043100;69000
2041016;2043200;69000
2041016;2043300;69000
2041016;2044000;69000
2041016;2044100;69000
2041016;2044200;69000
2041016;2044300;69000
2041016;2044400;69000
2041016;2043700;69000
2041016;2043800;69000
2041016;2044500;69000
2041016;2044600;69000
2041016;2044700;69000
2041016;4031348;10000000
2040049;2000007;50
2040049;2000000;47
2040049;2000008;160
2040049;2000001;152
2040049;2000009;320
2040049;2000002;304
2040049;2000010;200
2040049;2000003;190
2040049;2000011;620
2040049;2000006;589
2040049;2001001;2185
2040049;2001002;3800
2040049;2002006;570
2040049;2002007;570
2040049;2002008;570
2040049;2002009;570
2040049;2002010;475
2040049;2010001;106
2040049;2010002;47
2040049;2020001;209
2040049;2020002;304
2040049;2020003;427
2040049;2020004;427
2040049;2020005;304
2040049;2020006;503
2040049;2022003;1144
2040049;2022000;1716
2040049;2020012;4680
2040049;2020013;5824
2040049;2020014;8424
2040049;2020015;10608
2040049;2120000;25
2040049;2060000;1
2040049;2061000;1
2040049;2060001;10
2040049;2061001;10
2040049;2070000;
2040049;2070001;
2040049;2070002;
2040049;2070003;
2040049;2070004;
2040049;2070005;
2040049;2070006;
2040049;2070007;
2040049;2070008;
2040049;2070009;
2040049;2070010;
2040049;2070011;
2040049;2070016;
2040051;2002010;500
2040051;2002006;600
2040051;2002007;600
2040051;2002008;600
2040051;2002009;600
2040051;2022003;1100
2040051;2022000;1650
2040051;2001001;2300
2040051;2001002;4000
2040051;2020012;4680
2040051;2020013;5824
2040051;2020014;8100
2040051;2020015;10200
2040051;2000007;50
2040051;2000000;50
2040051;2000008;160
2040051;2000001;160
2040051;2000009;320
2040051;2000002;320
2040051;2000010;200
2040051;2000003;200
2040051;2000011;620
2040051;2000006;620
2040051;2050000;200
2040051;2050001;200
2040051;2050002;300
2040051;2050003;500
2040051;2060000;1
2040051;2061000;1
2040051;2060001;10
2040051;2061001;10
2040051;2030000;400
2040051;2070000;
2040051;2070001;
2040051;2070002;
2040051;2070003;
2040051;2070004;
2040051;2070005;
2040051;2070006;
2040051;2070007;
2040051;2070008;
2040051;2070009;
2040051;2070010;
2040051;2070011;
2040051;2070016;
2050000;1302004;100000
2050000;1302009;225000
2050000;1312006;100000
2050000;1312007;175000
2050000;1322015;100000
2050000;1322016;175000
2050000;1332001;200000
2050000;1332014;375000
2050000;1332011;425000
2050000;1372001;175000
2050000;1372000;400000
2050000;1402006;350000
2050000;1402007;450000
2050000;1412004;200000
2050000;1412005;250000
2050000;1422008;200000
2050000;1422007;250000
2050000;1432003;175000
2050000;1432005;225000
2050000;1442003;175000
2050000;1442009;300000
2050000;1452006;250000
2050000;1452007;375000
2050000;1462004;200000
2050000;1462005;250000
2050000;1472004;30000
2050000;1472007;60000
2050000;2070000;
2050000;2070001;
2050000;2070002;
2050000;2070003;
2050000;2070004;
2050000;2070005;
2050000;2070006;
2050000;2070007;
2050000;2070008;
2050000;2070009;
2050000;2070010;
2050000;2070011;
2050000;2070016;
2050003;1002004;160000
2050003;1040000;200000
2050003;1040085;200000
2050003;1041084;200000
2050003;1041085;200000
2050003;1050000;112500
2050003;1050021;112500
2050003;1051001;112500
2050003;1051014;112500
2050003;1060075;180000
2050003;1060074;180000
2050003;1061083;180000
2050003;1061084;180000
2050003;1092001;100000
2050003;1092002;200000
2050003;1002141;96000
2050003;1002142;96000
2050003;1002143;96000
2050003;1002144;96000
2050003;1041052;120000
2050003;1041051;120000
2050003;1050031;300000
2050003;1050002;300000
2050003;1050035;450000
2050003;1050038;450000
2050003;1050036;450000
2050003;1050037;450000
2050003;1051023;450000
2050003;1051025;450000
2050003;1051024;450000
2050003;1051027;450000
2050003;1061048;120000
2050003;1061047;120000
2050003;1002138;100000
2050003;1002139;100000
2050003;1002135;100000
2050003;1002137;100000
2050003;1040072;114000
2050003;1040073;114000
2050003;1040074;114000
2050003;1040076;114000
2050003;1040081;180000
2050003;1040079;180000
2050003;1041066;114000
2050003;1041069;114000
2050003;1041065;114000
2050003;1041067;114000
2050003;1041082;180000
2050003;1041081;180000
2050003;1060062;108000
2050003;1060065;108000
2050003;1060061;108000
2050003;1060063;108000
2050003;1060070;160000
2050003;1060069;160000
2050003;1061061;108000
2050003;1061064;108000
2050003;1061060;108000
2050003;1061062;108000
2050003;1061081;160000
2050003;1061080;160000
2050003;1002176;100000
2050003;1002177;100000
2050003;1002178;100000
2050003;1002179;100000
2050003;1002180;100000
2050003;1040063;114000
2050003;1040062;114000
2050003;1040061;114000
2050003;1040082;180000
2050003;1040083;180000
2050003;1041075;180000
2050003;1041074;180000
2050003;1051007;111000
2050003;1051008;111000
2050003;1051009;111000
2050003;1060051;108000
2050003;1060050;108000
2050003;1060052;108000
2050003;1060071;160000
2050003;1060072;160000
2050003;1061070;160000
2050003;1061069;160000
2050003;2070000;
2050003;2070001;
2050003;2070002;
2050003;2070003;
2050003;2070004;
2050003;2070005;
2050003;2070006;
2050003;2070007;
2050003;2070008;
2050003;2070009;
2050003;2070010;
2050003;2070011;
2050003;2070016;
2051000;2000000;47
2051000;2000001;152
2051000;2000002;304
2051000;2000003;190
2051000;2000006;589
2051000;2002000;475
2051000;2002001;380
2051000;2002002;475
2051000;2002004;475
2051000;2002005;475
2051000;2002011;1200
2051000;2001000;3040
2051000;2001001;2185
2051000;2001002;3800
2051000;2010000;28
2051000;2010001;106
2051000;2010002;47
2051000;2010003;95
2051000;2010004;294
2051000;2020012;4680
2051000;2020013;5600
2051000;2020014;7695
2051000;2020015;9690
2051000;2022003;1045
2051000;2022000;1567
2051000;2030000;400
2051000;2060000;1
2051000;2061000;1
2051000;2060001;10
2051000;2061001;10
2051000;2070000;500
2051000;;
2051000;2070001;
2051000;2070002;
2051000;2070003;
2051000;2070004;
2051000;2070005;
2051000;2070006;
2051000;2070007;
2051000;2070008;
2051000;2070009;
2051000;2070010;
2051000;2070011;
2051000;2070016;
2060003;1002023;120000
2060003;1002048;160000
2060003;1002034;60000
2060003;1002142;96000
2060003;1002162;60000
2060003;1002138;100000
2060003;1002172;60000
2060003;1002177;100000
2060003;1051011;60000
2060003;1051012;60000
2060003;1051013;60000
2060003;1050011;70000
2060003;1040021;40000
2060003;1040026;40000
2060003;1060016;38000
2060003;1060017;38000
2060003;1050000;112500
2060003;1050021;112500
2060003;1051001;112500
2060003;1051014;112500
2060003;1051015;112500
2060003;1040085;200000
2060003;1040086;200000
2060003;1041084;200000
2060003;1041085;200000
2060003;1060074;180000
2060003;1060075;180000
2060003;1061083;180000
2060003;1061084;180000
2060003;1041041;42000
2060003;1041042;42000
2060003;1041043;42000
2060003;1061034;40000
2060003;1061035;40000
2060003;1061036;40000
2060003;1050003;40000
2060003;1050026;40000
2060003;1050028;40000
2060003;1041051;120000
2060003;1041052;120000
2060003;1061047;120000
2060003;1061048;120000
2060003;1050002;300000
2060003;1050030;300000
2060003;1050031;300000
2060003;1051023;450000
2060003;1051024;450000
2060003;1051025;450000
2060003;1050036;450000
2060003;1050037;450000
2060003;1050038;450000
2060003;1041054;50000
2060003;1041056;50000
2060003;1061050;44000
2060003;1061052;44000
2060003;1040067;50000
2060003;1040069;50000
2060003;1060056;44000
2060003;1060058;44000
2060003;1041065;114000
2060003;1041066;114000
2060003;1041067;114000
2060003;1061060;108000
2060003;1061061;108000
2060003;1061062;108000
2060003;1040072;114000
2060003;1040073;114000
2060003;1040074;114000
2060003;1060061;108000
2060003;1060062;108000
2060003;1060063;108000
2060003;1040079;180000
2060003;1040081;180000
2060003;1060069;160000
2060003;1060070;160000
2060003;1041081;180000
2060003;1041082;180000
2060003;1061080;160000
2060003;1061081;160000
2060003;1041047;45000
2060003;1041049;45000
2060003;1041050;45000
2060003;1061043;40000
2060003;1061045;40000
2060003;1061046;40000
2060003;1040057;45000
2060003;1040059;45000
2060003;1060043;40000
2060003;1060045;40000
2060003;1040061;114000
2060003;1040062;114000
2060003;1060050;108000
2060003;1060051;108000
2060003;1051007;111000
2060003;1051008;111000
2060003;1051009;111000
2060003;1040082;180000
2060003;1040083;180000
2060003;1060071;160000
2060003;1060072;160000
2060003;1041074;180000
2060003;1041075;180000
2060003;1061069;160000
2060003;1061070;160000
2060003;2070000;
2060003;2070001;
2060003;2070002;
2060003;2070003;
2060003;2070004;
2060003;2070005;
2060003;2070006;
2060003;2070007;
2060003;2070008;
2060003;2070009;
2060003;2070010;
2060003;2070011;
2060003;2070016;
2060004;2000000;50
2060004;2000001;160
2060004;2000002;320
2060004;2000003;200
2060004;2000006;620
2060004;2002000;500
2060004;2002001;400
2060004;2002002;500
2060004;2002004;500
2060004;2002005;500
2060004;2022040;300
2060004;2022041;1600
2060004;2001000;3200
2060004;2001001;2300
2060004;2001002;4000
2060004;2010000;30
2060004;2010002;50
2060004;2010001;106
2060004;2010003;100
2060004;2010004;310
2060004;2020012;4500
2060004;2020013;5600
2060004;2020014;8100
2060004;2020015;10200
2060004;2022003;1100
2060004;2022000;1650
2060004;2030000;400
2060004;2060000;1
2060004;2061000;1
2060004;2060001;10
2060004;2061001;10
2060004;2070000;500
2060004;;
2060004;2070001;
2060004;2070002;
2060004;2070003;
2060004;2070004;
2060004;2070005;
2060004;2070006;
2060004;2070007;
2060004;2070008;
2060004;2070009;
2060004;2070010;
2060004;2070011;
2060004;2070016;
2060007;1302003;20000
2060007;1302008;40000
2060007;1302004;100000
2060007;1302009;225000
2060007;1312003;20000
2060007;1312005;40000
2060007;1312006;100000
2060007;1312007;175000
2060007;1322004;22000
2060007;1322014;40000
2060007;1322015;100000
2060007;1322016;175000
2060007;1332004;38000
2060007;1332012;40000
2060007;1332014;375000
2060007;1332011;425000
2060007;1372004;18000
2060007;1382002;20000
2060007;1372003;38000
2060007;1372001;175000
2060007;1372000;400000
2060007;1402008;22000
2060007;1402002;150000
2060007;1402006;350000
2060007;1402007;450000
2060007;1412000;22000
2060007;1412004;200000
2060007;1412006;45000
2060007;1412005;250000
2060007;1422004;20000
2060007;1422001;45000
2060007;1422008;200000
2060007;1422007;250000
2060007;1432002;60000
2060007;1432003;175000
2060007;1432005;225000
2060007;1442004;24000
2060007;1442001;60000
2060007;1442003;175000
2060007;1442009;300000
2060007;1452000;20000
2060007;1452005;150000
2060007;1452006;250000
2060007;1452007;375000
2060007;1462003;12000
2060007;1462000;30000
2060007;1462004;200000
2060007;1462005;250000
2060007;1472007;60000
2060007;2070000;
2060007;2070001;
2060007;2070002;
2060007;2070003;
2060007;2070004;
2060007;2070005;
2060007;2070006;
2060007;2070007;
2060007;2070008;
2060007;2070009;
2060007;2070010;
2060007;2070011;
2060007;2070016;
2070001;2000000;50
2070001;2000001;160
2070001;2000002;320
2070001;2000003;200
2070001;2000006;620
2070001;2002000;500
2070001;2002001;400
2070001;2002002;500
2070001;2002004;500
2070001;2002005;500
2070001;2001000;3200
2070001;2001001;2300
2070001;2001002;4000
2070001;2010000;30
2070001;2010002;50
2070001;2010001;106
2070001;2010003;100
2070001;2010004;310
2070001;2020012;4500
2070001;2020013;5600
2070001;2020014;8100
2070001;2020015;10200
2070001;2022003;1100
2070001;2022000;1650
2070001;2030000;400
2070001;2060000;1
2070001;2061000;1
2070001;2060001;10
2070001;2061001;10
2070001;2070000;500
2070001;;
2070001;2070001;
2070001;2070002;
2070001;2070003;
2070001;2070004;
2070001;2070005;
2070001;2070006;
2070001;2070007;
2070001;2070008;
2070001;2070009;
2070001;2070010;
2070001;2070011;
2070001;2070016;
2070002;1302004;100000
2070002;1302009;225000
2070002;1312006;100000
2070002;1312007;175000
2070002;1322015;100000
2070002;1322016;175000
2070002;1332001;200000
2070002;1332014;375000
2070002;1332011;425000
2070002;1372001;175000
2070002;1372000;400000
2070002;1402006;350000
2070002;1402007;450000
2070002;1412004;200000
2070002;1412005;250000
2070002;1422008;200000
2070002;1422007;250000
2070002;1432003;175000
2070002;1432005;225000
2070002;1442003;175000
2070002;1442009;300000
2070002;1452006;250000
2070002;1452007;375000
2070002;1462004;200000
2070002;1462005;250000
2070002;1472004;30000
2070002;1472007;60000
2070002;2070000;
2070002;2070001;
2070002;2070002;
2070002;2070003;
2070002;2070004;
2070002;2070005;
2070002;2070006;
2070002;2070007;
2070002;2070008;
2070002;2070009;
2070002;2070010;
2070002;2070011;
2070002;2070016;
2070003;1002004;160000
2070003;1040000;200000
2070003;1040085;200000
2070003;1041084;200000
2070003;1041085;200000
2070003;1050000;112500
2070003;1050021;112500
2070003;1051001;112500
2070003;1051014;112500
2070003;1060075;180000
2070003;1060074;180000
2070003;1061083;180000
2070003;1061084;180000
2070003;1092001;100000
2070003;1092002;200000
2070003;1002141;96000
2070003;1002142;96000
2070003;1002143;96000
2070003;1002144;96000
2070003;1041052;120000
2070003;1041051;120000
2070003;1050031;300000
2070003;1050002;300000
2070003;1050035;450000
2070003;1050038;450000
2070003;1050036;450000
2070003;1050037;450000
2070003;1051023;450000
2070003;1051025;450000
2070003;1051024;450000
2070003;1051027;450000
2070003;1061048;120000
2070003;1061047;120000
2070003;1002138;100000
2070003;1002139;100000
2070003;1002135;100000
2070003;1002137;100000
2070003;1040072;114000
2070003;1040073;114000
2070003;1040074;114000
2070003;1040076;114000
2070003;1040081;180000
2070003;1040079;180000
2070003;1041066;114000
2070003;1041069;114000
2070003;1041065;114000
2070003;1041067;114000
2070003;1041082;180000
2070003;1041081;180000
2070003;1060062;108000
2070003;1060065;108000
2070003;1060061;108000
2070003;1060063;108000
2070003;1060070;160000
2070003;1060069;160000
2070003;1061061;108000
2070003;1061064;108000
2070003;1061060;108000
2070003;1061062;108000
2070003;1061081;160000
2070003;1061080;160000
2070003;1002176;100000
2070003;1002177;100000
2070003;1002178;100000
2070003;1002179;100000
2070003;1002180;100000
2070003;1040063;114000
2070003;1040062;114000
2070003;1040061;114000
2070003;1040082;180000
2070003;1040083;180000
2070003;1041075;180000
2070003;1041074;180000
2070003;1051007;111000
2070003;1051008;111000
2070003;1051009;111000
2070003;1060051;108000
2070003;1060050;108000
2070003;1060052;108000
2070003;1060071;160000
2070003;1060072;160000
2070003;1061070;160000
2070003;1061069;160000
2070003;2070000;
2070003;2070001;
2070003;2070002;
2070003;2070003;
2070003;2070004;
2070003;2070005;
2070003;2070006;
2070003;2070007;
2070003;2070008;
2070003;2070009;
2070003;2070010;
2070003;2070011;
2070003;2070016;
2080001;2000000;50
2080001;2000001;160
2080001;2000002;320
2080001;2000003;200
2080001;2000006;620
2080001;2002000;500
2080001;2002001;400
2080001;2002002;500
2080001;2002004;500
2080001;2002005;500
2080001;2022089;3400
2080001;2001000;3200
2080001;2001001;2300
2080001;2001002;4000
2080001;2010000;30
2080001;2010002;50
2080001;2010001;106
2080001;2010003;100
2080001;2010004;310
2080001;2020012;4500
2080001;2020013;5600
2080001;2020014;8100
2080001;2020015;10200
2080001;2030000;400
2080001;2060000;1
2080001;2061000;1
2080001;2060001;10
2080001;2061001;10
2080001;2070000;500
2080001;;
2080001;2070001;
2080001;2070002;
2080001;2070003;
2080001;2070004;
2080001;2070005;
2080001;2070006;
2080001;2070007;
2080001;2070008;
2080001;2070009;
2080001;2070010;
2080001;2070011;
2080001;2070016;
2080002;1002004;160000
2080002;1040000;200000
2080002;1040085;200000
2080002;1041084;200000
2080002;1041085;200000
2080002;1050000;112500
2080002;1050021;112500
2080002;1051001;112500
2080002;1051014;112500
2080002;1060075;180000
2080002;1060074;180000
2080002;1061083;180000
2080002;1061084;180000
2080002;1092001;100000
2080002;1092002;200000
2080002;1002141;96000
2080002;1002142;96000
2080002;1002143;96000
2080002;1002144;96000
2080002;1041052;120000
2080002;1041051;120000
2080002;1050031;300000
2080002;1050002;300000
2080002;1050035;450000
2080002;1050038;450000
2080002;1050036;450000
2080002;1050037;450000
2080002;1051023;450000
2080002;1051025;450000
2080002;1051024;450000
2080002;1051027;450000
2080002;1061048;120000
2080002;1061047;120000
2080002;1002138;100000
2080002;1002139;100000
2080002;1002135;100000
2080002;1002137;100000
2080002;1040072;114000
2080002;1040073;114000
2080002;1040074;114000
2080002;1040076;114000
2080002;1040081;180000
2080002;1040079;180000
2080002;1041066;114000
2080002;1041069;114000
2080002;1041065;114000
2080002;1041067;114000
2080002;1041082;180000
2080002;1041081;180000
2080002;1060062;108000
2080002;1060065;108000
2080002;1060061;108000
2080002;1060063;108000
2080002;1060070;160000
2080002;1060069;160000
2080002;1061061;108000
2080002;1061064;108000
2080002;1061060;108000
2080002;1061062;108000
2080002;1061081;160000
2080002;1061080;160000
2080002;1002176;100000
2080002;1002177;100000
2080002;1002178;100000
2080002;1002179;100000
2080002;1002180;100000
2080002;1040063;114000
2080002;1040062;114000
2080002;1040061;114000
2080002;1040082;180000
2080002;1040083;180000
2080002;1041075;180000
2080002;1041074;180000
2080002;1051007;111000
2080002;1051008;111000
2080002;1051009;111000
2080002;1060051;108000
2080002;1060050;108000
2080002;1060052;108000
2080002;1060071;160000
2080002;1060072;160000
2080002;1061070;160000
2080002;1061069;160000
2080002;2070000;
2080002;2070001;
2080002;2070002;
2080002;2070003;
2080002;2070004;
2080002;2070005;
2080002;2070006;
2080002;2070007;
2080002;2070008;
2080002;2070009;
2080002;2070010;
2080002;2070011;
2080002;2070016;
2080003;2040000;35000
2080003;2040300;35000
2080003;2040400;35000
2080003;2040600;35000
2080003;2040900;35000
2080003;2041000;35000
2080003;2041003;35000
2080003;2040703;35000
2080003;2040706;35000
2080003;2043000;70000
2080003;2043100;70000
2080003;2043200;70000
2080003;2043300;70000
2080003;2043700;70000
2080003;2043800;70000
2080003;2044000;70000
2080003;2044100;70000
2080003;2044200;70000
2080003;2044300;70000
2080003;2044400;70000
2080003;2044500;70000
2080003;2044600;70000
2080003;2044700;70000
2080004;2120000;30
2080004;2260000;1000
2080004;4160026;1000
2080004;4160000;1000
2080004;4160001;1000
2080004;4160002;1000
2080004;4160003;1000
2080004;4160004;1000
2080004;4160005;1000
2080004;4160006;1000
2080004;4160007;1000
2080004;4160008;1000
2080004;4160009;1000
2080004;4160010;1000
2080004;4160020;1000
2080004;4160014;1000
2080004;4160017;1000
2080004;4160013;1000
2080004;4160012;1000
2080004;4160015;1000
2080004;4160022;1000
2080004;4160023;1000
2080004;4160024;1000
2090001;1302008;40000
2090001;1302004;100000
2090001;1302009;225000
2090001;1312005;40000
2090001;1312006;100000
2090001;1312007;175000
2090001;1322014;40000
2090001;1322015;100000
2090001;1322016;175000
2090001;1332009;42000
2090001;1332012;40000
2090001;1332001;200000
2090001;1332014;375000
2090001;1332011;425000
2090001;1372003;38000
2090001;1372001;175000
2090001;1372000;400000
2090001;1382002;20000
2090001;1402002;150000
2090001;1402006;350000
2090001;1402007;450000
2090001;1412006;45000
2090001;1412004;200000
2090001;1412005;250000
2090001;1422001;45000
2090001;1422008;200000
2090001;1422007;250000
2090001;1432002;60000
2090001;1432003;175000
2090001;1432005;225000
2090001;1442001;60000
2090001;1442003;175000
2090001;1442009;300000
2090001;1452005;150000
2090001;1452006;250000
2090001;1452007;375000
2090001;1462000;30000
2090001;1462004;200000
2090001;1462005;250000
2090001;1472001;20000
2090001;1472004;30000
2090001;1472007;60000
2090001;2070000;
2090001;2070001;
2090001;2070002;
2090001;2070003;
2090001;2070004;
2090001;2070005;
2090001;2070006;
2090001;2070007;
2090001;2070008;
2090001;2070009;
2090001;2070010;
2090001;2070011;
2090001;2070016;
2090002;1002004;160000
2090002;1040000;200000
2090002;1040085;200000
2090002;1041084;200000
2090002;1041085;200000
2090002;1050000;112500
2090002;1050021;112500
2090002;1051001;112500
2090002;1051014;112500
2090002;1060075;180000
2090002;1060074;180000
2090002;1061083;180000
2090002;1061084;180000
2090002;1092001;100000
2090002;1092002;200000
2090002;1002141;96000
2090002;1002142;96000
2090002;1002143;96000
2090002;1002144;96000
2090002;1041052;120000
2090002;1041051;120000
2090002;1050031;300000
2090002;1050002;300000
2090002;1050035;450000
2090002;1050038;450000
2090002;1050036;450000
2090002;1050037;450000
2090002;1051023;450000
2090002;1051025;450000
2090002;1051024;450000
2090002;1051027;450000
2090002;1061048;120000
2090002;1061047;120000
2090002;1002138;100000
2090002;1002139;100000
2090002;1002135;100000
2090002;1002137;100000
2090002;1040072;114000
2090002;1040073;114000
2090002;1040074;114000
2090002;1040076;114000
2090002;1040081;180000
2090002;1040079;180000
2090002;1041066;114000
2090002;1041069;114000
2090002;1041065;114000
2090002;1041067;114000
2090002;1041082;180000
2090002;1041081;180000
2090002;1060062;108000
2090002;1060065;108000
2090002;1060061;108000
2090002;1060063;108000
2090002;1060070;160000
2090002;1060069;160000
2090002;1061061;108000
2090002;1061064;108000
2090002;1061060;108000
2090002;1061062;108000
2090002;1061081;160000
2090002;1061080;160000
2090002;1002176;100000
2090002;1002177;100000
2090002;1002178;100000
2090002;1002179;100000
2090002;1002180;100000
2090002;1040063;114000
2090002;1040062;114000
2090002;1040061;114000
2090002;1040082;180000
2090002;1040083;180000
2090002;1041075;180000
2090002;1041074;180000
2090002;1051007;111000
2090002;1051008;111000
2090002;1051009;111000
2090002;1060051;108000
2090002;1060050;108000
2090002;1060052;108000
2090002;1060071;160000
2090002;1060072;160000
2090002;1061070;160000
2090002;1061069;160000
2090002;2070000;
2090002;2070001;
2090002;2070002;
2090002;2070003;
2090002;2070004;
2090002;2070005;
2090002;2070006;
2090002;2070007;
2090002;2070008;
2090002;2070009;
2090002;2070010;
2090002;2070011;
2090002;2070016;
2090003;2000000;50
2090003;2000001;160
2090003;2000002;320
2090003;2000003;200
2090003;2000006;620
2090003;2002000;500
2090003;2002001;400
2090003;2002002;500
2090003;2002004;500
2090003;2002005;500
2090003;2010000;30
2090003;2010002;50
2090003;2010001;106
2090003;2010003;100
2090003;2010004;310
2090003;2022003;1100
2090003;2022000;1650
2090003;2001000;3200
2090003;2001001;2300
2090003;2001002;4000
2090003;2020012;4500
2090003;2020013;5600
2090003;2020014;8100
2090003;2020015;10200
2090003;2050000;200
2090003;2050001;200
2090003;2050002;300
2090003;2030000;400
2090003;2060000;1
2090003;2061000;1
2090003;2070000;500
2090003;;
2090003;2070001;
2090003;2070002;
2090003;2070003;
2090003;2070004;
2090003;2070005;
2090003;2070006;
2090003;2070007;
2090003;2070008;
2090003;2070009;
2090003;2070010;
2090003;2070011;
2090003;2070016;
2090006;2120000;30
2090006;2260000;1000
2090006;4160026;1000
2090006;4160000;1000
2090006;4160001;1000
2090006;4160002;1000
2090006;4160003;1000
2090006;4160004;1000
2090006;4160005;1000
2090006;4160006;1000
2090006;4160007;1000
2090006;4160008;1000
2090006;4160009;1000
2090006;4160010;1000
2090006;4160020;1000
2090006;4160014;1000
2090006;4160017;1000
2090006;4160013;1000
2090006;4160012;1000
2090006;4160015;1000
2090006;4160022;1000
2090006;4160023;1000
2090006;4160024;1000
2093000;1302008;40000
2093000;1312005;40000
2093000;1322014;40000
2093000;1332009;42000
2093000;1332012;40000
2093000;1372003;38000
2093000;1382002;20000
2093000;1402002;150000
2093000;1412006;45000
2093000;1422001;45000
2093000;1432002;60000
2093000;1442001;60000
2093000;1452005;150000
2093000;1462000;30000
2093000;1472001;20000
2093000;2070000;
2093000;2070001;
2093000;2070002;
2093000;2070003;
2093000;2070004;
2093000;2070005;
2093000;2070006;
2093000;2070007;
2093000;2070008;
2093000;2070009;
2093000;2070010;
2093000;2070011;
2093000;2070016;
2093001;1002023;120000
2093001;1040021;40000
2093001;1040026;40000
2093001;1051010;60000
2093001;1051011;60000
2093001;1051012;60000
2093001;1051013;60000
2093001;1060016;38000
2093001;1060017;38000
2093001;1060018;38000
2093001;1060019;38000
2093001;1092006;60000
2093001;1002064;40000
2093001;1041041;42000
2093001;1041042;42000
2093001;1041043;42000
2093001;1050003;40000
2093001;1050026;40000
2093001;1050027;40000
2093001;1050028;40000
2093001;1061034;40000
2093001;1061035;40000
2093001;1061036;40000
2093001;1002161;30000
2093001;1002162;30000
2093001;1002163;30000
2093001;1002164;30000
2093001;1002165;30000
2093001;1040069;50000
2093001;1040070;50000
2093001;1040067;50000
2093001;1040068;50000
2093001;1041056;50000
2093001;1041054;50000
2093001;1041055;50000
2093001;1060059;44000
2093001;1060058;44000
2093001;1060056;44000
2093001;1060057;44000
2093001;1061052;44000
2093001;1061050;44000
2093001;1061051;44000
2093001;1002171;30000
2093001;1002172;30000
2093001;1002173;30000
2093001;1002174;30000
2093001;1002175;30000
2093001;1040057;45000
2093001;1040058;45000
2093001;1040059;45000
2093001;1040060;45000
2093001;1041047;45000
2093001;1041048;45000
2093001;1041049;45000
2093001;1041050;45000
2093001;1060043;40000
2093001;1060044;40000
2093001;1060045;40000
2093001;1060046;40000
2093001;1061043;40000
2093001;1061044;40000
2093001;1061045;40000
2093001;1061046;40000
2093001;2070000;
2093001;2070001;
2093001;2070002;
2093001;2070003;
2093001;2070004;
2093001;2070005;
2093001;2070006;
2093001;2070007;
2093001;2070008;
2093001;2070009;
2093001;2070010;
2093001;2070011;
2093001;2070016;
2093002;2000000;50
2093002;2000001;160
2093002;2000002;320
2093002;2000003;200
2093002;2000006;620
2093002;2002000;500
2093002;2002001;400
2093002;2002002;500
2093002;2002004;500
2093002;2002005;500
2093002;2022003;1100
2093002;2022000;1650
2093002;2001000;3200
2093002;2001001;2300
2093002;2001002;4000
2093002;2010000;30
2093002;2010002;50
2093002;2010001;106
2093002;2010003;100
2093002;2010004;310
2093002;2020028;3000
2093002;2050000;200
2093002;2050001;200
2093002;2050002;300
2093002;2050003;500
2093002;2030000;400
2093002;2060000;1
2093002;2061000;1
2093002;2070000;500
2093002;;
2093002;2070001;
2093002;2070002;
2093002;2070003;
2093002;2070004;
2093002;2070005;
2093002;2070006;
2093002;2070007;
2093002;2070008;
2093002;2070009;
2093002;2070010;
2093002;2070011;
2093002;2070016;
2100002;1302008;40000
2100002;1312005;40000
2100002;1322014;40000
2100002;1332009;42000
2100002;1332012;40000
2100002;1372003;38000
2100002;1382002;20000
2100002;1402002;150000
2100002;1412006;45000
2100002;1422001;45000
2100002;1432002;60000
2100002;1442001;60000
2100002;1452005;150000
2100002;1462000;30000
2100002;1472001;20000
2100002;2070000;
2100002;2070001;
2100002;2070002;
2100002;2070003;
2100002;2070004;
2100002;2070005;
2100002;2070006;
2100002;2070007;
2100002;2070008;
2100002;2070009;
2100002;2070010;
2100002;2070011;
2100002;2070016;
2100003;1002004;160000
2100003;1002023;120000
2100003;1040021;40000
2100003;1040026;40000
2100003;1051010;60000
2100003;1051011;60000
2100003;1051012;60000
2100003;1051013;60000
2100003;1060016;38000
2100003;1060017;38000
2100003;1060018;38000
2100003;1060019;38000
2100003;1092006;60000
2100003;1002064;40000
2100003;1041041;42000
2100003;1041042;42000
2100003;1041043;42000
2100003;1050003;40000
2100003;1050026;40000
2100003;1050027;40000
2100003;1050028;40000
2100003;1061034;40000
2100003;1061035;40000
2100003;1061036;40000
2100003;1002161;30000
2100003;1002162;30000
2100003;1002163;30000
2100003;1002164;30000
2100003;1002165;30000
2100003;1040069;50000
2100003;1040070;50000
2100003;1040067;50000
2100003;1040068;50000
2100003;1041056;50000
2100003;1041054;50000
2100003;1041055;50000
2100003;1060059;44000
2100003;1060058;44000
2100003;1060056;44000
2100003;1060057;44000
2100003;1061052;44000
2100003;1061050;44000
2100003;1061051;44000
2100003;1002171;30000
2100003;1002172;30000
2100003;1002173;30000
2100003;1002174;30000
2100003;1002175;30000
2100003;1040057;45000
2100003;1040058;45000
2100003;1040059;45000
2100003;1040060;45000
2100003;1041047;45000
2100003;1041048;45000
2100003;1041049;45000
2100003;1041050;45000
2100003;1060043;40000
2100003;1060044;40000
2100003;1060045;40000
2100003;1060046;40000
2100003;1061043;40000
2100003;1061044;40000
2100003;1061045;40000
2100003;1061046;40000
2100003;2070000;
2100003;2070001;
2100003;2070002;
2100003;2070003;
2100003;2070004;
2100003;2070005;
2100003;2070006;
2100003;2070007;
2100003;2070008;
2100003;2070009;
2100003;2070010;
2100003;2070011;
2100003;2070016;
2100004;2000000;50
2100004;2000001;160
2100004;2000002;320
2100004;2000003;200
2100004;2000006;620
2100004;2002000;500
2100004;2002001;400
2100004;2002002;500
2100004;2002004;500
2100004;2002005;500
2100004;2022003;1100
2100004;2022000;1650
2100004;2001000;3200
2100004;2001001;2300
2100004;2001002;4000
2100004;2010000;30
2100004;2010002;50
2100004;2010001;106
2100004;2010003;100
2100004;2010004;310
2100004;2020028;3000
2100004;2050000;200
2100004;2050001;200
2100004;2050002;300
2100004;2050003;500
2100004;2030000;400
2100004;2060000;1
2100004;2061000;1
2100004;2120000;30
2100004;2070000;500
2100004;;
2100004;2070001;
2100004;2070002;
2100004;2070003;
2100004;2070004;
2100004;2070005;
2100004;2070006;
2100004;2070007;
2100004;2070008;
2100004;2070009;
2100004;2070010;
2100004;2070011;
2100004;2070016;
2110001;2000000;50
2110001;2000001;160
2110001;2000002;320
2110001;2000003;200
2110001;2000006;620
2110001;2002000;500
2110001;2002001;400
2110001;2002002;500
2110001;2002004;500
2110001;2002005;500
2110001;2022003;1100
2110001;2022000;1650
2110001;2001000;3200
2110001;2001001;2300
2110001;2001002;4000
2110001;2010000;30
2110001;2010002;50
2110001;2010001;106
2110001;2010003;100
2110001;2010004;310
2110001;2020028;3000
2110001;2050000;200
2110001;2050001;200
2110001;2050002;300
2110001;2050003;500
2110001;2030000;400
2110001;2060000;1
2110001;2061000;1
2110001;2120000;30
2110001;2070000;500
2110001;;
2110001;2070001;
2110001;2070002;
2110001;2070003;
2110001;2070004;
2110001;2070005;
2110001;2070006;
2110001;2070007;
2110001;2070008;
2110001;2070009;
2110001;2070010;
2110001;2070011;
2110001;2070016;
9000015;1302000;1
9000015;1312004;1
9000015;1322005;1
9000015;1402009;2500
9000017;4031111;500
9000017;4031112;1500
9000017;4031113;3000
9000017;4031114;1200
9000017;4031125;300
9001003;2000000;50
9001003;2000001;160
9001003;2000002;320
9001003;2000003;200
9001003;2000006;620
9001003;2002000;500
9001003;2002001;400
9001003;2002002;500
9001003;2002004;500
9001003;2002005;500
9001003;2001000;3200
9001003;2001001;2300
9001003;2001002;4000
9001003;2010000;30
9001003;2010002;50
9001003;2010001;106
9001003;2010003;100
9001003;2010004;310
9001003;2020012;4500
9001003;2020013;5500
9001003;2020014;8100
9001003;2022000;1650
9001003;2060000;1
9001003;2061000;1
9001003;2030000;400
9001003;2070000;500
9001003;;
9001003;2070001;
9001003;2070002;
9001003;2070003;
9001003;2070004;
9001003;2070005;
9001003;2070006;
9001003;2070007;
9001003;2070008;
9001003;2070009;
9001003;2070010;
9001003;2070011;
9001003;2070016;
9110003;2022021;550
9110003;2022022;1300
9110004;2022014;650
9110004;2022023;1350
9110005;2022024;2000
9110005;2022025;4200
9110006;2022026;1800
9110006;2022027;3800
9110007;2022017;1100
9110007;2022018;1600
9110007;2022019;850
9110007;2022020;550
9200001;2120000;30
9200001;2260000;1000
9200001;4160026;1000
9200001;4160000;1000
9200001;4160001;1000
9200001;4160002;1000
9200001;4160003;1000
9200001;4160004;1000
9200001;4160005;1000
9200001;4160006;1000
9200001;4160007;1000
9200001;4160008;1000
9200001;4160009;1000
9200001;4160010;1000
9200001;4160020;1000
9200001;4160014;1000
9200001;4160017;1000
9200001;4160013;1000
9200001;4160012;1000
9200001;4160015;1000
9200001;4160022;1000
9200001;4160023;1000
9200001;4160024;1000
9310001;1302003;20000
9310001;1302008;40000
9310001;1302004;100000
9310001;1302009;225000
9310001;1312003;20000
9310001;1312005;40000
9310001;1312006;100000
9310001;1312007;175000
9310001;1322004;22000
9310001;1322014;40000
9310001;1322015;100000
9310001;1322016;175000
9310001;1332004;38000
9310001;1332012;40000
9310001;1332014;375000
9310001;1332011;425000
9310001;1372004;18000
9310001;1382002;20000
9310001;1372003;38000
9310001;1372001;175000
9310001;1372000;400000
9310001;1402008;22000
9310001;1402002;150000
9310001;1402006;350000
9310001;1402007;450000
9310001;1412000;22000
9310001;1412004;200000
9310001;1412006;45000
9310001;1412005;250000
9310001;1422004;20000
9310001;1422001;45000
9310001;1422008;200000
9310001;1422007;250000
9310001;1432002;60000
9310001;1432003;175000
9310001;1432005;225000
9310001;1442004;24000
9310001;1442001;60000
9310001;1442003;175000
9310001;1442009;300000
9310001;1452000;20000
9310001;1452005;150000
9310001;1452006;250000
9310001;1452007;375000
9310001;1462003;12000
9310001;1462000;30000
9310001;1462004;200000
9310001;1462005;250000
9310001;1472007;60000
9310001;2070000;
9310001;2070001;
9310001;2070002;
9310001;2070003;
9310001;2070004;
9310001;2070005;
9310001;2070006;
9310001;2070007;
9310001;2070008;
9310001;2070009;
9310001;2070010;
9310001;2070011;
9310001;2070016;
9310002;1002023;120000
9310002;1002048;160000
9310002;1002034;60000
9310002;1002142;96000
9310002;1002162;60000
9310002;1002138;100000
9310002;1002172;60000
9310002;1002177;100000
9310002;1051011;60000
9310002;1051012;60000
9310002;1051013;60000
9310002;1050011;70000
9310002;1040021;40000
9310002;1040026;40000
9310002;1060016;38000
9310002;1060017;38000
9310002;1050000;112500
9310002;1050021;112500
9310002;1051001;112500
9310002;1051014;112500
9310002;1051015;112500
9310002;1040085;200000
9310002;1040086;200000
9310002;1041084;200000
9310002;1041085;200000
9310002;1060074;180000
9310002;1060075;180000
9310002;1061083;180000
9310002;1061084;180000
9310002;1041041;42000
9310002;1041042;42000
9310002;1041043;42000
9310002;1061034;40000
9310002;1061035;40000
9310002;1061036;40000
9310002;1050003;40000
9310002;1050026;40000
9310002;1050028;40000
9310002;1041051;120000
9310002;1041052;120000
9310002;1061047;120000
9310002;1061048;120000
9310002;1050002;300000
9310002;1050030;300000
9310002;1050031;300000
9310002;1051023;450000
9310002;1051024;450000
9310002;1051025;450000
9310002;1050036;450000
9310002;1050037;450000
9310002;1050038;450000
9310002;1041054;50000
9310002;1041056;50000
9310002;1061050;44000
9310002;1061052;44000
9310002;1040067;50000
9310002;1040069;50000
9310002;1060056;44000
9310002;1060058;44000
9310002;1041065;114000
9310002;1041066;114000
9310002;1041067;114000
9310002;1061060;108000
9310002;1061061;108000
9310002;1061062;108000
9310002;1040072;114000
9310002;1040073;114000
9310002;1040074;114000
9310002;1060061;108000
9310002;1060062;108000
9310002;1060063;108000
9310002;1040079;180000
9310002;1040081;180000
9310002;1060069;160000
9310002;1060070;160000
9310002;1041081;180000
9310002;1041082;180000
9310002;1061080;160000
9310002;1061081;160000
9310002;1041047;45000
9310002;1041049;45000
9310002;1041050;45000
9310002;1061043;40000
9310002;1061045;40000
9310002;1061046;40000
9310002;1040057;45000
9310002;1040059;45000
9310002;1060043;40000
9310002;1060045;40000
9310002;1040061;114000
9310002;1040062;114000
9310002;1060050;108000
9310002;1060051;108000
9310002;1051007;111000
9310002;1051008;111000
9310002;1051009;111000
9310002;1040082;180000
9310002;1040083;180000
9310002;1060071;160000
9310002;1060072;160000
9310002;1041074;180000
9310002;1041075;180000
9310002;1061069;160000
9310002;1061070;160000
9310002;2070000;
9310002;2070001;
9310002;2070002;
9310002;2070003;
9310002;2070004;
9310002;2070005;
9310002;2070006;
9310002;2070007;
9310002;2070008;
9310002;2070009;
9310002;2070010;
9310002;2070011;
9310002;2070016;
9310003;2000000;50
9310003;2000001;160
9310003;2000002;320
9310003;2000003;200
9310003;2000006;620
9310003;2002000;500
9310003;2002001;400
9310003;2002002;500
9310003;2002004;500
9310003;2002005;500
9310003;2022003;1100
9310003;2022000;1650
9310003;2001000;3200
9310003;2001001;2300
9310003;2001002;4000
9310003;2010000;30
9310003;2010002;50
9310003;2010001;106
9310003;2010003;100
9310003;2010004;310
9310003;2020028;3000
9310003;2050000;200
9310003;2050001;200
9310003;2050002;300
9310003;2050003;500
9310003;2030000;400
9310003;2060000;1
9310003;2061000;1
9310003;2070000;500
9310003;;
9310003;2070001;
9310003;2070002;
9310003;2070003;
9310003;2070004;
9310003;2070005;
9310003;2070006;
9310003;2070007;
9310003;2070008;
9310003;2070009;
9310003;2070010;
9310003;2070011;
9310003;2070016;
9330029;2000000;50
9330029;2000001;160
9330029;2000002;320
9330029;2000003;200
9330029;2000006;620
9330029;2002000;500
9330029;2002001;400
9330029;2002002;500
9330029;2002004;500
9330029;2002005;500
9330029;2010000;30
9330029;2010002;50
9330029;2010001;106
9330029;2010003;100
9330029;2010004;310
9330029;2022003;1100
9330029;2022000;1650
9330029;2001000;3200
9330029;2001001;2300
9330029;2001002;4000
9330029;2020012;4500
9330029;2020013;5600
9330029;2020014;8100
9330029;2020015;10200
9330029;2050000;200
9330029;2050001;200
9330029;2050002;300
9330029;2030000;400
9330029;2060000;1
9330029;2061000;1
9330029;2070000;500
9330029;;
9330029;2070001;
9330029;2070002;
9330029;2070003;
9330029;2070004;
9330029;2070005;
9330029;2070006;
9330029;2070007;
9330029;2070008;
9330029;2070009;
9330029;2070010;
9330029;2070011;
9330029;2070016;
9201058;1002023;122500
9201058;1040021;42500
9201058;1040026;42500
9201058;1051010;62500
9201058;1051011;62500
9201058;1051012;62500
9201058;1051013;62500
9201058;1060016;40500
9201058;1060017;40500
9201058;1060018;40500
9201058;1060019;40500
9201058;1092006;62500
9201058;1002064;42500
9201058;1041041;44500
9201058;1041042;44500
9201058;1041043;44500
9201058;1050003;42500
9201058;1050026;42500
9201058;1050027;42500
9201058;1050028;42500
9201058;1061034;42500
9201058;1061035;42500
9201058;1061036;42500
9201058;1002161;32500
9201058;1002162;32500
9201058;1002163;32500
9201058;1002164;32500
9201058;1002165;32500
9201058;1040069;52500
9201058;1040070;52500
9201058;1040067;52500
9201058;1040068;52500
9201058;1041056;52500
9201058;1041054;52500
9201058;1041055;52500
9201058;1060059;46500
9201058;1060058;46500
9201058;1060056;46500
9201058;1060057;46500
9201058;1061052;46500
9201058;1061050;46500
9201058;1061051;46500
9201058;1002171;32500
9201058;1002172;32500
9201058;1002173;32500
9201058;1002174;32500
9201058;1002175;32500
9201058;1040057;47500
9201058;1040058;47500
9201058;1040059;47500
9201058;1040060;47500
9201058;1041047;47500
9201058;1041048;47500
9201058;1041049;47500
9201058;1041050;47500
9201058;1060043;42500
9201058;1060044;42500
9201058;1060045;42500
9201058;1060046;42500
9201058;1061043;42500
9201058;1061044;42500
9201058;1061045;42500
9201058;1061046;42500
9201059;1302008;42500
9201059;1302068;352500
9201059;1312005;42500
9201059;1322014;42500
9201059;1332009;44500
9201059;1332012;42500
9201059;1372003;40500
9201059;1382002;22500
9201059;1402002;152500
9201059;1412006;47500
9201059;1422001;47500
9201059;1432002;62500
9201059;1442001;62500
9201059;1452005;152500
9201059;1462000;32500
9201059;1472001;22500
9201060;2000000;50
9201060;2000001;160
9201060;2000002;320
9201060;2000003;200
9201060;2000006;620
9201060;2002016;5000
9201060;2002017;5000
9201060;2002018;5000
9201060;2002019;5000
9201060;2002020;2800
9201060;2002021;2800
9201060;2002022;2100
9201060;2002023;3800
9201060;2002024;1500
9201060;2002025;1500
9201060;2010000;30
9201060;2010002;50
9201060;2010001;106
9201060;2010003;100
9201060;2010004;310
9201060;2022189;1000
9201060;2022191;1000
9201060;2022192;600
9201060;2022003;1100
9201060;2022000;1650
9201060;2001000;3200
9201060;2001001;2300
9201060;2001002;4000
9201060;2022190;3000
9201060;2020012;4500
9201060;2020013;5600
9201060;2020014;8100
9201060;2020015;10200
9201060;2022195;15000
9201060;2030000;400
9201060;2060000;1
9201060;2061000;1
9201060;2070000;500
9201060;;
9201060;2070001;
9201060;2070002;
9201060;2070003;
9201060;2070004;
9201060;2070005;
9201060;2070006;
9201060;2070007;
9201060;2070008;
9201060;2070009;
9201060;2070010;
9201060;2070011;
9201060;2070016;
9201060;2070016;
9201060;2070016;
9201060;2070016;
9201060;2070016;
9201060;2070016;
9201020;1050131;100000
9201020;1050132;100000
9201020;1050133;100000
9201020;1050134;100000
9201020;1051150;100000
9201020;1051151;100000
9201020;1051152;100000
9201020;1051153;100000
9120000;1382011;2000000
9120000;1332024;2000000
9120000;1302022;80000
9120000;1302021;1250000
9120000;1462006;500000
9120000;1472008;250000
9120000;1402010;150000
9120000;1432008;150000
9120000;1402009;30000
9120000;1322012;15000
9120000;1312013;100000
9120000;2070000;500
9120000;;
9120000;2070001;
9120000;2070002;
9120000;2070003;
9120000;2070004;
9120000;2070005;
9120000;2070006;
9120000;2070007;
9120000;2070008;
9120000;2070009;
9120000;2070010;
9120000;2070011;
9120000;2070012;
9120000;2070013;
9120001;1002136;100000
9120001;1032002;110000
9120001;1040029;110000
9120001;1060020;110000
9120001;1051006;115000
9120001;1072051;25000
9120001;1072034;25000
9120001;1072086;25000
9120001;1072020;22000
9120001;2070012;100000
9120001;;
9120001;2070013;100000
9120001;;
9120001;2070000;
9120001;2070001;
9120001;2070002;
9120001;2070003;
9120001;2070004;
9120001;2070005;
9120001;2070006;
9120001;2070007;
9120001;2070008;
9120001;2070009;
9120001;2070010;
9120001;2070011;
9120002;2060003;40
9120002;2000001;160
9120002;2000002;320
9120002;2001001;2300
9120002;2020012;4500
9120002;2000003;200
9120002;2000006;620
9120002;2001002;4000
9120002;2020014;8100
9120002;2022002;1000
9120002;2070000;500
9120002;;
9120002;2070001;
9120002;2070002;
9120002;2070003;
9120002;2070004;
9120002;2070005;
9120002;2070006;
9120002;2070007;
9120002;2070008;
9120002;2070009;
9120002;2070010;
9120002;2070011;
9120002;2070012;
9120002;2070013;
9120004;1050100;30000
9120004;2030008;400
9120004;2030009;500
9120004;2030010;500
9120004;2070000;500
9120004;;
9120004;2070001;
9120004;2070002;
9120004;2070003;
9120004;2070004;
9120004;2070005;
9120004;2070006;
9120004;2070007;
9120004;2070008;
9120004;2070009;
9120004;2070010;
9120004;2070011;
9120004;2070012;
9120004;2070013;
9120019;1051098;30000
9120019;2030008;400
9120019;2030009;500
9120019;2030010;500
9120019;2070000;500
9120019;;
9120019;2070001;
9120019;2070002;
9120019;2070003;
9120019;2070004;
9120019;2070005;
9120019;2070006;
9120019;2070007;
9120019;2070008;
9120019;2070009;
9120019;2070010;
9120019;2070011;
9120019;2070012;
9120019;2070013;
